/************************************************************************/
/* guards                                                               */
/************************************************************************/
#ifndef CCANVAS_H
#define CCANVAS_H
#ifdef __APPLE__
#include <OpenGL/glu.h>
#else
#include <GL/glu.h>
#endif

#include <iostream>
#include <QtOpenGL>
#include <QGLWidget>
#include <QTimer>
#include "ShaderLoader.h"
#include "Base.h"

using namespace std;

/************************************************************************/
/* Canvas to draw                                                       */
/************************************************************************/
class CCanvas : public QGLWidget
{
    Q_OBJECT

public:

    explicit CCanvas(QWidget *parent = 0) : QGLWidget(parent),tau(0.0)//,sphere_y(0.5)
    {
        QTimer *timer = new QTimer(this);
        connect(timer, SIGNAL(timeout()), this, SLOT(updateGL()));
        timer->start(10);
    };
    void keyPressEvent(QKeyEvent *k);
    void mousePressEvent(QMouseEvent *k);
    void mouseReleaseEvent(QMouseEvent *k);
    void keyReleaseEvent(QKeyEvent *k);

protected:

    void initializeGL();
    void resizeGL(int width, int height);
    void paintGL();

private:
    // List of vertices and triangles
    vector< Point3d > v;
    struct Triangle { int v[3]; };
    vector< Triangle > t;
    
    double tau;
    //double sphere_y;
    ShaderGroup shaderGroup;
    vector<Point3d>debug;
    const char *vertexShader = "vertex.vs";
    const char * fragmentShader = "fragment.fs";

    void _updateHeight_map(int ratio, int x, int y);
    double _twoDGaussian(int x, int y) ;

    double _gaussianMatrix[11][11] =
	/*	{
	    {  2.04382892e-07,   3.27012628e-06,   2.82554539e-05,   1.31843230e-04,
	       3.32224121e-04,   4.52087262e-04,   3.32224121e-04,   1.31843230e-04,
	       2.82554539e-05,   3.27012628e-06,   2.04382892e-07, }
	    ,
	    {  3.27012628e-06,   5.23220204e-05,   4.52087262e-04,   2.10949168e-03,
	       5.31558594e-03,   7.23339619e-03,   5.31558594e-03,   2.10949168e-03,
	       4.52087262e-04,   5.23220204e-05,   3.27012628e-06, }
	    ,
	    {  2.82554539e-05,   4.52087262e-04,   3.90625000e-03,   1.82270162e-02,
	       4.59292029e-02,   6.25000000e-02,   4.59292029e-02,   1.82270162e-02,
	       3.90625000e-03,   4.52087262e-04,   2.82554539e-05, }
	    ,
	    {  1.31843230e-04,   2.10949168e-03,   1.82270162e-02,   8.50493750e-02,
	       2.14310996e-01,   2.91632260e-01,   2.14310996e-01,   8.50493750e-02,
	       1.82270162e-02,   2.10949168e-03,   1.31843230e-04, }
	    ,
	    {  3.32224121e-04,   5.31558594e-03,   4.59292029e-02,   2.14310996e-01,
	       5.40029869e-01,   7.34867246e-01,   5.40029869e-01,   2.14310996e-01,
	       4.59292029e-02,   5.31558594e-03,   3.32224121e-04, }
	    ,
	    {  4.52087262e-04,   7.23339619e-03,   6.25000000e-02,   2.91632260e-01,
	       7.34867246e-01,   1.00000000e+00,   7.34867246e-01,   2.91632260e-01,
	       6.25000000e-02,   7.23339619e-03,   4.52087262e-04, }
	    ,
	    {  3.32224121e-04,   5.31558594e-03,   4.59292029e-02,   2.14310996e-01,
	       5.40029869e-01,   7.34867246e-01,   5.40029869e-01,   2.14310996e-01,
	       4.59292029e-02,   5.31558594e-03,   3.32224121e-04, }
	    ,
	    {  1.31843230e-04,   2.10949168e-03,   1.82270162e-02,   8.50493750e-02,
	       2.14310996e-01,   2.91632260e-01,   2.14310996e-01,   8.50493750e-02,
	       1.82270162e-02,   2.10949168e-03,   1.31843230e-04, }
	    ,
	    {  2.82554539e-05,   4.52087262e-04,   3.90625000e-03,   1.82270162e-02,
	       4.59292029e-02,   6.25000000e-02,   4.59292029e-02,   1.82270162e-02,
	       3.90625000e-03,   4.52087262e-04,   2.82554539e-05, }
	    ,
	    {  3.27012628e-06,   5.23220204e-05,   4.52087262e-04,   2.10949168e-03,
	       5.31558594e-03,   7.23339619e-03,   5.31558594e-03,   2.10949168e-03,
	       4.52087262e-04,   5.23220204e-05,   3.27012628e-06, }
	    ,
	    {  2.04382892e-07,   3.27012628e-06,   2.82554539e-05,   1.31843230e-04,
	       3.32224121e-04,   4.52087262e-04,   3.32224121e-04,   1.31843230e-04,
	       2.82554539e-05,   3.27012628e-06,   2.04382892e-07, }
	       };*/
	{
	    {0.00000067,0.00002292,0.00019117,0.00038771,0.00019117,0.00002292,0.00000067},
	    {0.00002292,0.00078634,0.00655965,0.01330373,0.00655965,0.00078633,0.00002292},
	    {0.00019117,0.00655965,0.05472157,0.11098164,0.05472157,0.00655965,0.00019117},
	    {0.00038771,0.01330373,0.11098164,0.22508352,0.11098164,0.01330373,0.00038771},
	    {0.00019117,0.00655965,0.05472157,0.11098164,0.05472157,0.00655965,0.00019117},
	    {0.00002292,0.00078633,0.00655965,0.01330373,0.00655965,0.00078633,0.00002292},
	    {0.00000067,0.00002292,0.00019117,0.00038771,0.00019117,0.00002292,0.00000067}
	};
    


};
#endif
